3403911096
3409723807
3436537035
3400142576
3399660368
2837923608
2990322197
3058134369
3386961288
3465040406
3476595954
3404288341
2861393067
3488174689
3526968739
3470852353
2841969842
3217685049
2753086629
2791656602
2719850086
3413713793
3393821407
3392259028
3401825906
3430172149
3432006285
3416833689
3418061837
3444384263
3389003300
3416036048
3549290115
3551139118
3540903327
3386906181
3402516345
3389805754
3404869345
3402789975
3559704439
3547444619
3418513380
3546314080
3433203442
3404074048
3438123707
3315302991
3369825662
3206579556
3409836763
3459200930
3409527910
3417917173
3388844065
3389050623
2335368829
3388721641
3435613327
3387539308
3388183573
3437552077
3388380529
3387222454
3490159683
3422249642
3435936144
3416208765
2850935956
3438621136
3054341059
3197857648
3406694220
3415021115
3428369137
3409272479
3464700263
2674541310
3363546437
3432928943
2914075159
3392001801
3444499190
3473886171
3414409419
2959472220
3153010942
2940354599
3453676250
3307376332
3411888105
3431256608
3475347500
3538760023
3042138819
3282215361
3410972667
3342191739
2897115343
2544353492
2875059598
3031475005
2969478819
3426448380
2948824747
3496043022
3470422050
2553809727
3433660118
2737665235
3025593219
3531611692
3403870858
3418843205
3434810293
3477662795
3436159263
3431960478
2927603127
2705406713
3526517370
3550032314
3396446795
3413150945
3162566044
3425726710
3540268758
3438126404
2166396868
2847184718
3397182976
3430305726
3405033818
3543612325
3533315055
3409143790
3513107552
3429904483
3468159865
2503622437
3460381012
2684285534
2463184726
2812326159
3403490889
3304582091
3378285185
3511535258
3134394569
3391306957
3479867929
3391186580
3477685382
3477669563
3419265871
3404876149
3387110070
2769706949
3037854728
3531765630
3429790870
3446203945
3398874593
3100475013
3444726475
2705655822
3424497614
3554424111
3399870407
3339423397
3421271152
3401134276
3407507873
3543941897
3436499337
2757712197
2744797858
2999595757
3412262177
3429392198
2761200458
2875848298
3120702374
3479667649
3044807092
3482962418
3540297822
3516166810
3282789883
3409478949
3415416226
3171167894
3330403100
2409333430
3073430075
3379334330
3110913021
3366300557
3034636011
3409287192
3005903549
3161951724
3413706334
3413704851
3287727378
2625625421
3226885926
3418252689
3418253716
2478247379
2942793445
2991201484
2913633066
2873290424
3428008364
3253385114
2846036306
2642541073
3435796523
3008795514
3447272250
3026723485
2900580391
2937786633
2870394916
3292659291
2969343830
2566953935
2962175696
3196180339
3258343790
3346905070
3320947974
3478633453
2952802178
3001592312
3052360250
3490370700
2805630347
3110911330
3504401781
3539691958
2932549988
3152529790
2932547723
2772575623
3088951320
3213391371
3041122351
2971246021
3315443103
2886832257
2886832936
2886833398
2811383142
2799152995
3248388837
3387569160
3391902125
3041602364
3329251514
2840805724
3387957272
2807001835
3470426196
3314107094
2969551071
3268487204
3396542795
3397215647
3403697073
3407793320
3413005308
3461415167
3396456841
3463117260
3397396843
3392674521
3392188086
3386447602
3494474677
3388107363
3403180543
3426132882
3390169945
3392186516
2732407704
3401470591
3036878362
3388910383
3408337281
3392699932
3389448389
3392186364
3431259170
3412682512
2999183635
3423115544
3140453034
3051277957
3396010813
2749928925
2847911733
3427091746
3391228479
2804531012
3407791878
2459400130
2855320431
2256623447
2463499011
3078291265
3000924731
3390453390
3028253067
3432470769
3406392630
2934132344
3418701509
3360392628
2734705913
2859296947
2685168362
1299328280
2823166698
3383603346
3470491629
3370707195
2859304462
3388468313
3378304610
2944344655
3407792640
2863908612
2425267353
1926311864
2244879881
2324223029
3389605231
3348036710
3417621776
3410989950
2959854619
3392356751
3388844542
3402491515
3407042038
3405178154
3403314193
3432012226
3432015133
3405574146
3421748994
3432014439
3402812859
1945359259
2211423190
2392676812
2470321383
2590662055
3519916139
3522142755
3539114542
3545533939
3556857572
612100872
3387474156
2604943386
2788256295
3025679944
3400045232
3440221534
3402208866
3439783176
3027121498
3399292171
3413610665
3281301960
3457003463
3470478700
2673317083
3300688173
3435985650
3480990544
2949777636
3447775367
3409153536
2925034918
3456212729
3374408921
2868777243
3070446764
3440958051
3425787685
3462306255
3399263137
3508243687
3267733558
3491265315
3469279808
3429953336
3489603739
3507919075
3256482412
3430224478
3438759949
3465865657
3400131934
3359867059
3441855577
3404745035
3332296598
3415451174
3116631797
3487312468
3257953004
3418366499
3435709471
3199474685
2842359380
3470485566
3417502641
2650547917
3173649443
3394923321
2882852956
3439247001
3269061047
2866258937
3423660713
3397942493
3508005481
2877535263
3415470189
3403721633
3460704724
3056481712
3414468585
3393305357
3395761583
3422220305
2792348686
2792387747
3235103558
3400681835
3434691822
3461031530
2890440427
3452171674
3450583954
3385623534
3409422147
3434796669
3480405054
2876897619
3515515643
3383001527
3404461962
2891170430
3291799176
3366600816
2640351732
3414634809
3340255334
3396867685
2762398967
3471821554
3486780625
2596620950
3425038705
3211693903
2899457928
3415572170
3100032203
3139034529
2983905789
3460812542
3203159242
2618566294
3434440605
3319538177
3383901556
3387462212
3439305933
3464606086
3486217110
3390901679
3453879909
3401996053
3418366421
3472334215
3456675747
3492621786
3400528439
3303746488
3299457564
3309971624
3457969588
3443982326
3276134387
3461117277
3452711271
3566868353
3564838872
3565697910
3567084868
3423984426
3469292499
3564950449
3565649631
3566766862
3568029240
3568280195
3404563567
3390897023
3397198968
3522009163
3394582336
2843855721
3570973322
3405131820
3428650803
3512993822
3560352772
3558839307
3565244378
3540834058
2987772693
3416584592
3565698092
3522453285
3386498516
3449473111
3183820077
3399320470
3510863962
3540757743
3551124480
3554570236
3555558732
3555588616
3562222835
3569031613
3572846242
3575855907
3520758551
3579640010
3555407625
3418793133
3583266047
2366717227
2432621382
2675128168
2695471997
2714198296
2809058492
2810471370
2818577583
2849467715
2852309899
2853974107
2863836591
2871469707
2881764317
2883633728
2894296454
2903870217
2920899878
2950902979
3387382165
3390014923
3391549481
3391710239
3392116408
3394402683
3397561666
3400293227
3400983311
3404301631
3420478458
3440867775
3448375286
3494108029
3497172953
3501701205
3504700167
3521263771
3535295548
3540503606
3543229299
3553635874
3555199477
3559765660
3560836822
3569303590
3576056135
3576268735
3578735933
3579180724
2897390033
3580513066
3498347699
3586145865
3406930410
3557845788
3580511016
3588624649
3589758717
3589751787
3592777775
2953621037
3294592194
3437429771
3577100076
3596903773
3590632059
3590950467
3591049094
3591398623
3591562181
3591708775
3592172476
3594285774
3594286689
3594804663
3595072546
3595628283
3596110952
3596259242
3597471949
3598575779
3569158406
3587117139
2754525193
3589560764
3597673472
3591337109
3593757134
3580577925
3575320927
3600401184
3051276857
2971021306
3428146910
3423601261
3599386373
3194049112
3446253876
2857762294
2956146279
3422112160
3306168142
2584112711
3424466979
3485349033
2892005713
3428712661
3577903007
3569050120
3580276809
3572808153
3462962143
3464551542
3598501350
2831786301
3596827035
3538304164
3001154607
2398253681
3599368309
3601417745
3397207461
3077900375
3434653631
3603108864
3599665197
3599339646
3596746538
3596478900
3409035433
3600616323
3599514194
3545605445
3603577358
3604080281
3564110652
3480305875
3571106963
3377802217
3391400317
3390258342
3522680786
3494803855
3599845594
3461140206
3429902681
3412105017
3605188264
3582891045
3491939136
3465727755
3535139736
3450825552
3205738591
3156717285
3297793087
3529361118
3423424077
3566789292
3587939112
3543815008
3572122233
3138387399
3606878738
3608725379
3491510356
3541678579
2996978365
3546452514
3581134738
2874163136
3430771934
3524273533
3583736984
3270190005
3409434765
3399505732
3610005735
3609311749
3608589196
3381815115
2879745353
2879960829
2951270166
3478924012
2946364542
3609353662
3538353228
3552050880
3549294472
3543049157
3607723257
3590791727
3396622780
3405199543
3613433733
3611718925
3614034284
3611100835
3611236709
3577598983
3005975760
3413627942
3616536783
3453422228
3615135168
3612413803
2286124931
1436878551
2942795802
3607686447
3616176188
3617854007
3389707527
3566330206
3487450124
3614801724
3606373523
3410974338
3579410548
3486522951
3393104411
3395614151
3411580812
3610984457
3617732907
3614804036
3615535228
3309896124
3286593534
3004563786
3555791254
3413237147
3423725989
3408186716
3418352842
3410947298
3391244620
3389681224
3391149570
3389606570
3308966632
3557111695
3617485838
2629074154
3573232324
2790211934
3043243994
3431734923
3133520800
2818757939
3243805556
3502286969
3414013160
3414914840
3615459796
3620552991
2951287846
3619295009
2740991142
3390529497
3621388762
3548006452
3489824979
3618557184
3618427553
3409472393
3495695428
3434453874
3477237184
3622328997
3495906499
3385343596
3323320610
3410686841
2752664795
3623919908
3624277567
3415451766
3623297453
3479641945
3068955583
2927454765
3624858124
3542759372
3628753926
3625348470
3624308198
3626823538
3626886187
3416873508
3628835042
3629503450
3580557206
3625933422
3538308427
3488113291
2809497084
3459638181
3006496838
3518662691
3631424765
3656190498
3653092321
3651494414
3635591071
3606009875
3650071729
3651954650
3423871533
3652012357
3647736504
3647735736
3642935062
3631989559
3652371248
3639628777
3648051123
3641697417
3634921455
3022845661
3638633196
2917021415
3649292581
3652024179
3637951074
3533994661
3635394848
3649092715
3651242585
3491927761
3643703198
3635333613
3645781559
3649582861
3655233584
3649587333
3650035249
3654107996
3625951765
3643765614
3656879408
3650168851
3402496217
3652008781
2879960936
3646824783
3656843695
3658499522
3655738523
3538602374
3622986450
3225267257
3513537063
3036556241
3636185686
3656691799
3402469704
2930717154
3655316184
3649634514
3632134603
3617247608
3645980077
3658756227
2857273296
3640592525
2686624983
3635921724
3658348791
3630196063
3616192072
